80
66
97
84
115
36
99
137
315
317
303
327
270
96
79
301
270
288
347
166
310
241
106
330
318
89
108
293
287
133
259
80
90
115
345
135
292
298
303
323
99
283
141
338
74
304
118
304
336
76
253
312
115
272
343
256
313
353
330
141
142
120
257
278
71
312
266
345
115
124
66
67
303
290
343
251
145
7
92
70
140
274
312
334
85
312
276
259
305
151
325
310
362
68
325
312
116
305
292
105
312
302
67
125
150
286
294
304
306
130
283
104
370
102
306
296
99
329
52
111
306
89
118
109
129
286
53
74
140
147
150
96
351
120
345
67
297
84
60
265
359
297
91
341
97
310
76
117
302
266
287
263
123
289
117
287
296
314
289
252
55
97
119
320
317
72
330
103
85
346
113
114
304
59
142
123
62
311
96
100
272
267
319
267
94
162
76
310
311
129
148
322
141
328
112
305
84
274
70
136
97
101
286
107
138
303
60
155
148
39
320
260
290
60
280
338
63
81
254
324
294
254
126
116
86
119
76
336
307
106
322
312
104
79
334
116
370
107
94
60
275
102
326
125
127
107
294
77
58
319
59
73
53
317
292
86
74
118
287
252
281
103
133
288
222
81
339
370
313
39
126
274
122
323
304
318
283
313
141
259
297
280
317
70
100
270
135
321
63
111
289
285
291
137
264
321
337
340
277
124
292
66
143
331
334
111
97
348
316
102
53
140
266
110
318
60
84
70
338
369
279
259
105
277
141
352
275
86
70
290
102
57
304
58
82
127
111
313
299
140
261
103
124
144
44
275
276
115
124
148
125
48
305
116
260
41
367
278
99
344
295
328
265
345
316
66
109
317
278
151
88
79
278
125
92
81
307
310
111
318
325
316
96
328
95
310
24
123
313
57
121
105
98
249
122
353
79
98
132
70
101
320
165
311
314
125
157
273
350
310
137
243
327
182
309
66
289
365
316
81
315
118
244
281
79
89
318
141
100
254
316
142
139
322
92
343
309
96
72
49
85
309
70
336
87
293
307
267
87
372
119
334
312
307
269
320
87
292
276
329
357
329
100
114
99
284
118
52
93
273
130
75
304
65
120
126
111
33
307
79
66
299
274
340
351
117
273
51
77
117
283
101
177
110
123
325
291
140
140
70
268
330
245
292
348
292
79
102
133
136
338
81
310
344
358
330
131
101
326
287
131
358
211
94
282
219
118
111
105
322
55
83
145
296
349
119
322
333
105
289
339
177
292
262
287
57
281
102
336
68
325
255
110
77
267
106
319
113
125
84
308
87
86
311
268
344
290
129
78
117
293
319
124
311
68
118
65
58
138
133
319
275
251
316
272
54
262
141
96
82
95
112
355
314
78
120
118
298
317
284
273
277
303
87
325
293
277
262
201
51
280
70
118
95
115
115
285
302
105
62
111
104
355
264
89
297
125
70
103
273
98
85
146
242
324
73
242
141
96
241
356
374
92
345
88
82
86
113
245
138
274
77
78
87
71
127
60
79
268
305
104
126
70
403
59
303
301
103
81
284
259
313
117
155
313
100
334
62
308
236
78
241
76
130
86
290
38
280
299
57
295
287
339
104
267
107
225
117
260
104
330
80
321
297
80
117
284
107
303
133
284
288
280
82
298
276
336
249
86
277
130
304
137
259
283
265
327
151
285
95
106
89
313
360
129
296
324
297
303
282
102
86
303
101
53
250
274
104
105
269
82
161
313
285
325
106
141
297
121
325
348
308
293
385
244
98
290
85
301
319
303
121
120
107
370
119
58
281
66
116
125
278
365
90
5
114
133
270
342
119
94
316
314
149
282
262
104
292
108
277
282
114
340
341
326
105
323
80
79
48
316
182
321
297
28
55
51
323
304
142
298
313
314
332
116
102
345
384
103
252
287
133
299
112
114
127
88
324
290
174
111
89
99
323
361
309
323
87
316
348
285
110
272
326
311
102
334
307
101
85
63
300
297
66
64
299
144
293
113
317
304
273
100
347
118
149
265
150
73
146
269
38
305
302
334
132
76
313
161
279
310
314
294
89
292
282
278
53
280
235
129
271
77
291
133
116
311
284
288
330
326
111
66
17
162
128
281
94
152
345
312
118
127
299
68
105
315
104
289
117
97
222
113
111
263
88
94
233
276
103
287
249
296
144
114
115
344
331
313
99
79
238
108
87
93
104
112
98
293
119
258
250
131
121
313
270
120
362
117
253
300
44
271
331
266
115
283
320
271
66
69
165
146
316
112
317
73
316
265
340
111
107
297
279
303
165
72
140
133
331
