104
102
93
308
290
301
299
104
105
96
295
84
114
100
280
310
96
309
88
102
298
303
100
100
86
101
94
91
104
94
108
312
267
99
309
88
105
304
296
309
112
304
103
296
96
110
290
102
301
320
97
310
290
112
108
282
308
274
90
110
97
290
294
96
93
302
292
115
93
290
296
94
283
302
97
91
96
288
106
293
293
293
97
300
110
301
298
299
299
306
294
104
99
305
97
92
310
293
84
98
304
79
290
106
117
289
296
303
302
87
284
299
107
314
284
100
81
301
102
94
113
294
319
294
310
99
91
91
124
96
290
297
117
284
303
90
311
277
98
103
302
309
104
98
115
109
99
326
295
306
84
98
87
105
96
321
107
301
306
297
309
99
315
298
94
298
96
108
297
93
288
307
310
298
85
290
302
99
301
86
300
294
98
89
298
95
299
99
324
103
306
305
312
106
90
293
305
102
306
292
100
82
303
102
304
305
91
301
99
298
118
308
95
109
288
280
105
312
289
110
91
104
106
79
284
96
313
293
295
312
118
306
285
102
302
303
113
110
92
109
301
90
76
90
97
108
295
107
97
100
298
104
307
291
300
88
98
98
107
97
309
296
106
114
292
316
109
292
303
112
300
300
300
111
97
98
89
313
296
110
109
100
293
307
99
92
97
121
285
305
103
95
284
306
305
299
310
287
111
98
99
291
305
110
82
107
306
317
321
293
110
318
310
304
103
301
105
294
97
290
96
106
279
103
291
101
97
103
104
105
115
302
314
289
111
95
95
98
289
96
311
100
308
298
293
84
109
297
292
74
91
100
100
108
289
94
290
307
87
92
295
99
313
101
290
303
102
299
105
300
304
85
305
318
91
82
96
83
297
114
97
305
93
302
304
101
304
112
317
293
318
313
294
109
98
312
110
86
314
92
324
312
306
289
303
304
85
293
303
296
290
92
98
292
104
297
296
300
107
99
301
307
89
292
108
82
98
290
315
318
92
302
96
300
292
79
300
76
103
299
307
286
298
116
316
290
101
98
85
308
105
293
106
114
301
97
277
107
290
92
293
73
99
102
80
288
306
289
94
83
102
287
104
289
319
108
90
313
293
300
106
98
87
100
91
304
96
306
96
120
301
316
116
97
305
89
91
300
301
307
90
289
284
101
294
97
89
87
296
318
104
301
282
300
292
285
88
294
120
304
82
309
299
292
317
298
308
87
303
102
101
305
84
102
108
114
308
284
313
90
300
299
94
301
320
300
102
299
81
118
112
114
82
286
315
305
98
291
108
89
96
310
109
307
116
92
99
96
117
297
111
106
311
287
318
312
108
115
90
84
107
100
292
290
95
303
94
303
113
307
96
303
93
289
87
88
295
103
100
298
315
305
123
94
307
93
307
305
97
309
107
321
306
95
99
116
73
96
113
88
102
314
97
100
107
310
136
93
107
297
100
303
91
292
109
308
316
300
304
95
295
299
286
93
102
302
106
289
294
101
306
301
107
101
110
314
93
90
97
305
101
291
297
90
326
93
315
120
89
277
97
81
290
310
94
107
113
103
285
97
113
301
307
95
103
295
80
288
306
110
316
96
114
305
302
102
97
302
295
316
293
270
311
98
105
106
291
290
297
115
304
291
96
310
114
84
302
302
107
89
306
100
299
97
84
105
307
100
288
291
114
297
316
317
306
93
294
305
303
306
290
302
298
291
282
102
94
315
315
82
105
98
112
117
97
93
306
97
113
301
104
305
105
301
102
306
305
92
282
303
295
100
110
120
103
310
87
298
287
98
106
116
263
99
110
319
107
309
302
91
303
311
109
109
300
305
93
294
320
287
294
87
92
316
97
320
71
316
93
307
293
95
303
114
313
93
278
94
82
104
89
101
95
116
292
308
106
103
306
96
302
305
97
98
304
106
109
101
303
295
99
102
303
96
82
99
320
105
301
311
322
303
96
305
100
300
316
287
311
298
286
315
106
120
103
104
296
98
309
108
101
105
318
297
283
296
298
297
290
100
304
105
304
292
291
86
87
107
87
308
87
120
305
112
101
302
313
286
311
90
302
305
306
97
97
333
77
94
298
92
299
91
99
307
289
95
295
282
289
290
113
296
302
111
95
100
97
298
274
80
95
119
301
111
117
99
98
297
307
87
102
308
305
301
292
86
308
302
303
305
284
120
294
105
284
291
299
109
305
79
104
99
92
107
101
96
288
303
307
99
273
95
113
301
85
96
103
93
99
108
291
133
102
101
114
111
307
306
312
92
100
93
316
292
313
101
300
296
295
286
