136
77
95
84
78
66
75
71
94
134
99
111
91
114
92
115
100
78
67
94
58
73
81
79
68
89
94
85
90
153
114
131
72
118
112
130
90
120
57
127
79
123
98
108
81
141
180
107
111
126
75
73
62
67
83
96
85
62
104
148
61
81
129
82
111
144
87
67
100
114
84
117
108
121
131
99
111
65
103
112
92
134
133
113
98
51
110
77
135
131
107
94
102
60
86
81
123
42
78
45
78
97
72
104
151
107
76
102
89
81
156
67
116
87
49
51
88
51
94
124
101
135
92
90
107
129
49
150
127
107
84
111
114
94
163
116
88
88
90
76
83
88
78
103
132
92
39
144
64
81
91
135
85
89
81
92
89
79
101
131
53
72
82
102
58
125
115
94
134
114
61
143
96
83
64
120
73
96
72
132
193
142
105
69
109
112
122
104
147
69
72
116
94
58
113
100
106
129
95
83
119
112
130
108
119
121
101
94
101
75
117
114
57
85
134
113
106
110
111
102
100
111
97
84
68
114
104
100
72
99
104
84
98
109
115
113
86
75
120
126
77
93
96
103
112
99
170
60
81
89
153
55
67
117
36
133
55
81
71
61
154
84
105
99
141
69
141
117
129
95
64
92
40
128
89
87
122
108
94
96
163
120
67
51
111
74
132
121
94
123
95
157
89
70
61
72
116
140
100
76
81
129
80
104
82
94
108
94
97
73
56
80
157
69
87
134
108
142
67
94
70
58
73
114
53
123
72
101
100
50
132
89
88
122
89
97
122
101
103
43
120
118
66
62
77
133
100
168
64
105
65
61
116
109
74
62
142
49
116
116
115
146
119
117
15
68
24
103
67
149
150
98
71
129
94
84
133
176
112
114
96
126
140
76
98
82
97
84
103
64
120
73
134
84
136
86
78
88
91
141
104
102
120
72
95
112
61
72
43
101
133
76
140
94
91
96
122
143
97
76
120
64
106
90
102
146
32
138
127
120
110
50
100
89
106
78
90
83
119
90
118
59
83
106
95
92
100
114
122
105
102
54
42
96
69
117
90
93
124
126
115
122
47
149
104
93
96
60
78
80
72
72
118
83
72
87
81
93
124
143
109
124
63
85
46
143
93
138
109
126
52
132
96
136
87
91
144
135
135
110
81
94
90
98
149
120
115
91
131
68
121
109
78
82
78
80
74
49
91
84
68
169
114
86
109
117
88
82
147
125
78
100
97
137
112
103
107
113
82
128
58
109
119
92
55
91
101
80
125
55
92
74
111
96
105
65
88
54
85
71
93
142
125
86
86
83
55
92
75
165
153
96
138
91
94
72
94
120
106
56
107
150
81
60
77
99
125
81
139
91
121
77
132
79
118
75
118
89
95
150
87
124
118
68
86
91
144
-1
108
158
64
123
98
88
75
100
86
70
110
87
76
95
143
89
125
62
137
128
72
126
94
157
100
150
110
87
39
106
123
104
130
75
112
115
146
101
118
41
105
97
134
76
164
62
163
88
128
85
121
29
74
84
67
99
102
94
128
110
137
87
123
65
149
54
124
89
123
60
123
64
121
116
145
115
37
117
121
79
108
105
80
126
103
83
100
110
131
59
101
117
71
143
116
69
102
128
109
47
92
64
86
158
136
58
203
77
74
112
66
83
167
62
111
112
64
98
0
156
113
50
76
78
89
78
76
88
123
121
115
115
65
112
108
79
120
93
85
135
111
75
152
89
98
117
104
164
70
119
141
32
112
89
103
55
74
92
149
83
116
117
75
76
144
122
105
131
73
67
72
118
47
125
72
113
122
87
106
71
112
124
131
112
84
135
99
102
124
110
109
96
105
30
54
70
56
100
42
84
89
123
79
87
138
66
66
52
90
138
101
148
77
45
40
89
39
94
100
54
111
185
128
139
138
131
87
98
98
73
116
162
134
75
121
81
86
105
77
73
87
124
86
125
119
91
124
109
55
100
95
65
118
78
106
83
70
93
100
54
99
68
107
58
137
70
107
69
97
167
79
101
53
107
58
115
101
55
73
114
151
104
56
133
104
68
172
74
66
75
76
111
106
93
93
69
35
27
127
55
72
127
109
133
142
149
55
76
106
181
132
96
96
75
115
103
70
152
117
93
85
132
109
69
108
118
138
126
85
84
160
79
86
59
120
125
124
60
46
87
95
92
95
61
89
126
100
94
134
109
82
66
83
113
106
123
75
97
87
83
128
93
91
87
93
82
87
116
77
154
149
171
90
92
120
57
112
126
144
124
60
89
150
139
82
126
109
142
90
90
44
105
