109
112
131
134
112
108
131
119
166
104
109
102
117
145
121
138
130
107
142
138
101
107
110
170
108
126
124
148
133
108
114
111
102
116
161
110
102
112
117
108
102
228
129
110
130
116
125
139
100
122
147
152
131
108
112
123
159
135
104
207
142
108
112
152
126
132
184
129
103
126
146
138
129
144
162
135
113
108
131
185
106
219
124
166
115
171
116
124
128
107
110
100
112
106
144
136
118
134
122
107
104
106
166
583
133
146
119
129
114
118
145
134
208
104
127
186
140
155
137
101
141
110
100
145
108
108
105
131
114
122
139
120
132
116
162
106
106
100
101
126
208
110
101
112
123
116
102
466
104
112
156
112
110
186
108
112
160
199
134
105
107
105
102
200
120
103
155
129
103
109
102
103
106
102
101
126
109
104
141
111
115
114
114
100
105
117
127
135
101
104
105
122
117
147
112
214
196
106
106
150
108
194
105
293
133
267
118
152
106
200
130
100
101
115
186
120
131
217
198
115
114
155
108
102
157
106
113
122
102
103
107
106
129
115
134
120
121
153
130
122
108
111
101
100
215
126
101
128
206
119
108
127
124
210
129
162
100
116
112
106
114
347
105
107
125
104
117
101
107
123
305
126
116
138
297
108
113
102
116
148
159
140
127
100
104
179
128
100
114
125
122
126
100
121
102
114
113
102
143
115
116
127
104
125
102
161
148
158
109
113
129
107
158
166
105
135
204
143
125
202
114
101
166
125
108
158
190
102
121
103
116
105
142
135
108
187
270
130
148
110
106
173
108
131
101
117
281
126
159
109
100
124
121
114
288
177
105
239
125
301
370
133
119
181
176
103
145
105
210
107
176
104
114
121
117
157
111
108
109
153
104
100
137
183
184
110
122
154
103
117
103
104
100
167
132
131
107
111
259
105
136
102
103
147
190
183
124
101
121
105
194
110
103
100
101
104
105
103
111
150
117
124
118
137
108
118
114
125
113
109
116
128
106
103
166
106
180
117
139
101
118
114
100
109
107
109
103
102
114
101
103
115
114
113
101
128
268
158
137
100
101
100
232
148
130
101
125
102
128
830
101
165
100
196
236
113
104
110
136
393
107
140
105
113
101
124
116
110
105
130
126
126
128
123
104
201
100
223
123
106
113
198
108
100
110
105
110
121
102
118
143
111
173
124
105
109
108
237
109
104
114
106
107
158
105
109
111
125
125
106
150
138
247
107
152
103
113
104
101
100
240
116
102
106
153
113
127
142
130
121
156
119
135
120
115
120
177
103
172
116
141
115
126
113
101
117
116
111
114
140
109
196
104
109
199
107
324
230
178
113
108
179
117
121
108
114
115
100
105
106
104
102
116
218
125
110
109
104
106
102
100
120
112
128
511
101
100
191
112
127
102
510
144
105
138
118
103
110
111
125
187
137
108
126
108
190
131
131
102
107
122
119
138
118
108
106
108
169
104
161
100
111
104
159
120
124
149
140
136
106
166
121
103
108
131
110
133
104
203
119
102
272
109
147
104
134
105
105
100
119
115
100
121
120
103
173
131
131
122
136
112
105
103
108
118
113
101
111
148
126
114
106
143
109
111
107
302
107
138
210
139
105
107
150
139
122
107
139
141
102
112
128
125
161
201
105
105
106
137
107
120
176
144
216
140
114
101
103
100
111
105
103
196
156
147
109
128
104
271
170
117
129
129
136
119
107
128
154
105
113
128
125
138
113
148
109
121
120
129
104
118
126
121
253
106
115
107
168
181
106
100
143
104
153
127
154
110
105
102
109
121
109
143
124
114
111
108
127
135
110
109
113
248
113
101
177
107
183
121
131
157
133
105
149
127
105
163
116
121
100
101
119
102
141
147
126
137
116
130
117
155
110
137
103
116
139
100
100
131
168
117
106
114
114
108
135
102
105
281
145
102
112
105
171
127
162
113
106
110
101
106
208
109
140
123
108
116
196
110
110
136
179
106
131
127
101
108
191
105
137
113
101
101
170
107
227
121
102
117
102
104
151
159
124
131
123
153
113
112
112
100
120
100
168
114
103
177
167
102
151
104
125
125
121
232
116
109
126
217
103
155
121
100
175
171
163
144
115
105
122
112
107
242
104
297
102
109
123
156
110
109
178
144
115
122
123
167
216
120
105
119
104
100
126
105
123
133
182
118
102
103
123
143
147
119
111
134
301
123
105
113
117
126
111
108
148
130
139
131
105
152
315
108
117
103
107
127
197
107
129
121
117
234
103
101
107
187
108
117
118
101
107
116
129
112
107
104
146
108
144
