156
125
117
212
104
124
113
130
101
138
135
122
410
110
105
126
133
104
224
176
102
123
136
113
102
141
115
205
154
111
107
108
335
205
125
140
123
116
110
199
125
107
115
125
185
117
141
101
128
134
111
135
114
111
112
180
298
148
141
151
131
183
229
211
159
161
236
105
135
143
162
181
113
119
106
104
100
202
106
122
109
194
156
118
125
101
131
270
104
280
134
251
129
104
122
102
135
107
134
183
105
127
140
104
116
167
303
188
170
109
107
112
112
112
127
223
115
178
159
513
127
123
156
239
104
108
224
123
155
108
125
104
116
112
116
115
208
196
146
252
206
140
102
104
108
156
148
256
156
120
127
102
128
100
137
114
111
161
100
139
121
161
210
111
270
103
171
381
101
118
107
113
109
143
128
110
128
121
808
102
111
110
103
105
102
154
135
111
132
119
106
148
117
106
102
127
124
114
116
105
102
112
107
178
165
207
117
115
156
206
263
168
110
131
137
103
158
149
148
170
165
113
113
136
108
123
147
144
159
116
160
113
125
132
103
111
111
114
137
112
140
111
116
183
208
166
586
101
135
164
118
101
184
113
212
156
100
151
151
304
195
128
172
169
114
132
202
139
112
115
101
218
101
105
112
259
181
129
105
130
128
102
282
145
102
188
107
104
173
126
161
111
133
171
115
307
102
129
121
137
126
202
102
171
247
145
240
116
108
106
127
107
256
106
143
105
183
139
116
146
114
101
127
108
204
198
104
148
110
120
110
121
145
122
216
220
127
121
127
147
160
137
189
106
107
114
115
121
605
145
168
240
102
100
153
126
600
122
102
112
201
108
139
100
153
116
133
155
120
158
130
111
103
127
103
130
228
167
261
125
101
122
115
107
105
187
158
109
117
155
118
138
110
183
118
107
103
122
127
147
103
314
111
173
193
204
103
159
105
101
148
133
107
108
129
106
104
102
106
144
127
107
109
111
105
188
113
176
118
102
156
186
181
119
108
124
115
100
117
135
120
221
185
106
197
116
113
146
193
107
121
105
107
156
172
106
162
139
121
208
206
121
100
103
123
112
150
162
125
220
113
128
101
172
154
208
119
102
102
108
106
187
108
156
115
164
130
129
106
137
237
120
130
111
106
262
130
116
112
103
120
131
107
115
116
129
100
126
137
143
107
171
233
112
127
148
111
344
101
111
107
196
153
110
215
111
130
169
101
112
132
277
128
105
215
241
140
201
121
108
133
203
201
323
182
100
107
246
110
114
137
509
112
140
148
136
108
135
178
147
171
148
300
187
159
241
149
112
120
116
197
100
101
122
145
133
122
127
103
161
112
121
101
162
124
162
263
111
148
101
111
121
216
100
145
124
132
118
113
100
164
114
137
119
132
190
114
189
103
138
113
189
383
100
164
119
143
383
135
108
125
135
108
175
177
146
116
130
109
105
136
106
125
167
150
164
145
130
152
150
114
151
119
101
158
184
113
141
140
108
189
124
108
140
132
104
185
127
300
116
100
126
102
111
160
298
187
103
208
344
103
116
102
136
170
131
141
214
107
123
117
107
172
108
144
148
101
140
127
215
114
196
157
188
123
116
113
100
131
112
110
149
109
105
105
108
194
212
122
104
126
102
125
110
207
122
122
102
111
127
104
101
131
131
110
249
126
180
106
101
206
198
165
115
113
133
126
106
115
119
116
102
121
168
164
198
195
149
105
245
139
132
104
211
362
124
105
185
106
195
181
150
101
126
244
106
482
131
111
140
142
124
124
181
103
109
128
123
133
163
174
1026
143
134
120
150
129
124
255
156
104
111
116
110
115
112
135
100
127
111
104
130
120
133
205
233
131
139
131
165
116
163
169
167
284
132
131
127
108
174
107
126
106
140
110
108
194
136
171
112
259
153
116
150
189
170
111
102
118
103
105
237
131
134
132
186
153
283
122
113
152
220
102
120
100
110
220
112
123
261
118
109
114
116
191
100
375
158
214
137
117
147
109
100
256
110
100
310
187
131
135
102
244
231
139
117
155
108
139
182
133
284
107
254
125
341
159
121
105
125
109
123
107
143
176
290
289
177
239
150
108
116
202
112
160
229
103
116
156
143
120
118
134
204
159
101
111
119
103
134
166
781
104
102
106
100
163
130
185
117
104
167
100
185
103
105
144
107
152
264
153
127
115
115
115
113
140
159
135
121
149
100
225
112
102
103
248
197
121
188
101
145
104
125
164
201
164
126
108
138
124
171
130
116
167
146
201
105
127
119
327
105
126
173
461
127
106
183
175
176
