344
162
638
121
231
154
115
107
338
170
295
116
5930
172
150
200
977
101
101
1002
140
170
169
577
128
182
128
129
189
101
210
445
129
230
2622
349
181
298
878
227
202
267
208
108
281
125
131
210
159
102
788
165
345
107
145
865
135
159
210
1242
682
1168
129
235
1389
131
2508
260
150
117
112
131
165
5960
396
254
214
101
165
368
124
112
138
280
108
256
106
100
1851
293
350
209
318
206
844
3106
105
160
126
170
3535
263
390
137
128
167
117
155
105
107
165
164
126
136
100
116
142
341
207
355
407
3763
460
141
166
464
103
859
144
302
119
473
228
648
117
116
1666
678
275
579
267
610
688
219
518
485
141
117
317
5267
132
574
156
230
249
452
236
221
140
151
115
126
110
112
387
312
712
131
186
112
265
454
125
102
575
282
276
228
1810
187
159
185
173
114
853
495
188
123
397
118
339
2838
126
138
235
228
526
232
362
234
189
623
1327
3246
25304
124
135
272
303
130
201
591
104
367
956
122
200
115
296
623
124
222
140
420
799
187
109
151
159
142
101
170
3216
154
102
132
908
719
105
159
199
230
1037
12802
105
150
6207
131
12757
464
114
163
160
278
179
335
132
159
119
145
922
121
158
134
124
271
141
128
117
761
2782
135
450
324
251
229
14896
101
108
161
169
911
283
129
2525
138
277
548
7156
162
159
130
199
373
353
176
168
208
551
240
109
197
586
116
144
135
183
384
280
177
183
146
117
246
339
887
204
1811
135
161
155
152
130
148
398
207
197
190
158
215
213
603
720
234
7827
125
195
110
136
116
788
868
307
2512
34766
309
193
144
572
105
1381
1062
101
12892
2376
510
359
845
102
103
106
245
138
368
211
1552
114
411
115
161
167
107
132
158
1718
101
131
132
1014
145
452
131
453
156
376
226
101
1574
120
383
304
122
113
345
172
171
280
176
154
205
295
490
129
444
225
107
372
341
132
1535
157
206
109
101
251
133
511
129
384
330
140
238
460
617
1004
136
118
644
275
138
111
109
146
133
3920
788
133
113
170
117
197
249
1921
126
101
256
301
827
118
269
196
107
240
132
106
264
160
219
199
137
115
124
612
357
324
104
1024
101
30320
198
8258
407
116
225
389
243
185
140
568
118
778
532
307
8902
258
1247
166
111
105
130
206
109
133
354
825
418
224
136
205
400
1343
187
242
259
300
103
151
450
509
189
449
321
143
80848
117
253
132
215
1665
1084
159
269
134
100
3976
102
252
335
1185
105
121
141
126
263
122
557
299
104
334
106
191
113
292
248
126
139
121
104
137
341
215
198
827
432
178
128
104
120
142
194
9070
168
2893
213
252
109
137
463
155
163
808
120
252
163
181
4981
197
304
199
138
179
139
163
174
783
179
254
126
982
103
157
863
101
148
169
110
139
209
117
124
170
192
275
405
316
122
469
378
324
281
17531
208
156
210
187
136
2120
268
155
202
118
371
716
171
168
132
120
233
110
185
272
159
109
198
1175
274
226
102
126
219
607
168
130
108
430
205
132
447
535
3511
220
200
1095
211
1357
101
2884
269
104
114
340
209
208
186
862
129
152
172
109
167
120
266
305
188
126
245
1053
129
197
210
6590
2549
100
1505
316
10843
469
155
194
139
178
256
120
473
523
101
129
153
173
671
248
183
115
115
466
326
117
501
378
160
100
110
100
196
364
282
195
167
1340
131
144
260
804
232
1471
442
807
124
124
164
184
115
153
230
819
114
171
148
215
138
680
146
103
110
1044
125
103
164
3626
268
158
156
149
163
192
128
965
2819
287
117
135
103
134
169
169
159
1607
123
482
344
140
686
399
347
113
936
296
363
3394
154
561
507
189
144
145
323
128
159
1244
6003
276
129
133
138
151
116
192
206
108
136
130
103
596
259
199
123
325
110
192
177
126
21214
141
380
238
281
151
253
147
113
245
944
108
127
237
158
116
254
214
207
504
183
132
268
509
118
209
285
118
229
116
156
282
512
409
128
106
767
105
132
3708
137
355
348
106
201
557
120
110
125
141
101
173
252
358
162
167
282
143
119
125
109
684
110
212
198
129
236
112
146
28011
151
108
235
122
687
380
191
11758
150
516
133
255
200
1011
160
1953
268
1207
457
105
110
150
113
439
290
101
158
380
499
136
132
1800
175
168
261
105
220
166
139
160
1856
151
149
167
286
1967
157
374
255
144
232
105
12911
117
151
151
309
243
137
593
236
393
1203
571
743
325
179
232
288
564
833
4732
149
153
153
113
133
302
121
145
105
147
106
996
108
110
130
337
121
107
219
453
736
210
132
197
170
114
189
1324
511
106
143
172
100
592
124
380
121
124
630
136
341
76646
157
124
149
141
164
