400
120
221
264
678
183
121
308
175
198
679
215
156
161
142
212
104
117
255
299
111
113
703
3675
1495
208
508
291
1042
281
568
265
279
117
112
107
194
130
173
209
223
296
1653
133
336
153
197
105
1091
126
187
319
154
289
108
205
106
1907
113
285
144
7027
506
121
154
1443
151
206
6588
117
127
123
103
101
102
138
217
385
126
293
159
159
173
150
971
127
110
136
150
183
133
311
101
168
269
106
253
770
149
133
1157
145
335
10596
127
133
322
118
230
828
170
123
2391
202
110
221
304
151
100
130
1393
2434
173
2227
20482
198
267
166
105
281
199
177
447
175
2246
250
118
113
736
323
100
2414
200
104
170
129
403
286
663
130
201
983
122
127
697
168
114
100
152
132
183
309
221
122
123
1029
126
150
579
205
754
1734
152
146
125
244
455
149
108
118
669
174
114
143
304
429
226
195
137
247
1276
122
134
140
245
588
426
311
103
113
241
149
443
206
151
110
2970
300
102
462
223
108
101
100
1789
180
296
109
191
246
169
115
207
739
1676
102
115
218
466
225
459
134
333
118
129
273
246
108
1377
223
156
110
2227
170
7877
144
203
286
159
235
121
194
1004
459
105
102
144
221
258
156
142
123
1927
273
103
137
291
216
168
167
814
147
1313
104
198
129
175
108
2392
368
6338
105
3348
136
313
125
1318
690
509
288
1375
703
654
427
159
135
255
122
136
165
104
254
135
703
128
121
158
659
135
231
206
448
109
1927
180
130
264
252
1765
100
218
210
157
250
100
135
132
113
176
170
159
819
701
194
115
248
150
329
124
409
452
197
115
241
178
217
116
125
338
219
150
685
106
692
1521
183
155
303
156
181
153
262
675
468
1277
126
187
125
177
2122
168
331
227
137
319
135
202
6779
211
236
2545
133
126
168
104
236
216
104
105
210
113
361
296
21747
387
140
216
103
511
160
157
145
322
2887
294
136
125
219
263
106
130
41345
445
199
404
134
189
107
307
117
195
360
269
107
384
105
150
121
1008
175
398
119
111
145
156
127
112
133
119
219
134
121
176
163
443
312
143
176
131
287
5407
1546
104
860
145
238
280
114
422
116
342
138
616
122
162
117
125
204
217
154
197
8911
465
887
276
176
133
521
6543
319
162
122
436
8127
120
110
107
339
137
223
109
193
234
202
153
189
118
130
135
196
284
343
631
1208
162
495
104
113
296
140
248
391
287
104
155
1045
214
102
362
198
202
124
111
3869
368
151
253
233
114
223
162
227
199
123
202
184
128
141
3353
372
151
146
119
127
118
342
185
268
334
277
177
586
146
175
117
1218
118
114
138
126
308
114
105
251
1283
203
322
768
494
160
167
103
123
140
395
150
143
189
164
267
395
455
266
359
593
580
195
176
143
135
156
304
128
189
189
1802
280
432
181
472
128
111
116
431
365
101
114
118
328
156
107
770
129
144
100
115
139
273
192
249
114
934
186
115
116
208
920
173
117
133
175
541
268
437
56985
117
4643
527
109
230
164
110
702
120
192
480
152
144
5970
151
265
1251
105
106
161
172
211
193
1318
244
185
114
393
126
152
490
149
489
226
138
226
106
270
122
107
100
157
146
237
210
151
172
119
145
106
596
128
317
165
156
113
141
288
340
209
127
140
315
181
478
129
226
341
276
201
200
160
373
113
196
320
164
220
394
271
100
133
328
123
233
620
259
239
169
118
128
285
104
167
339
246
388
147
107
302
797
106
282
161
210
408
168
456
119
144
108
392
243
139
136
1823
199
115
135
146
135
198
152
133
130
186
220
118
150
106
127
122
298
1608
184
673
187
181
123
142
334
100
109
231
157
192
240
220
214
106
113
299
349
154
256
130
574
485
130
258
304
375
100
683
1270
414
100
185
108
262
127
105
193
176
124
103
139
126
104
103
277
154
155
182
104
111
479
252
463
101
100
232
204
113
210
365
117
271
113
110
247
105
164
162
816
190
115
103
397
103
141
133
252
119
179
432
266
107
239
781
117
312
838
651
392
148
122
160
158
473
337
165
127
140
107
1106
186
108
158
118
256
1137
283
100
171
299
163
105
142
486
180
231
147
237
149
218
147
162
139
419
116
110
2249
417
108
532
1877
122
128
126
155
116
247
262
113
114
381
158
152
3486
105
160
138
579
139
335
325
143
2459
216
100
106
164
129
2186
1194
146
3024
435
706
242
3113
279
145
243
1186
220
189
161
248
710
302
1585
162
416
1224
172
110
359
204
112
479
516
1087
183
420
6492
104
229
101
148
219
606
229
539
111
676
183
156
1004
166
113
489
569
337
120
169
1497
160
102
119
368
157
174
1714
138
156
210
164
128
714
126
184
383
761
