131
179
172
123
259
129
155
126
228
107
198
129
138
139
246
234
475
124
156
139
187
127
962
107
120
136
134
119
190
375
122
235
127
405
105
106
173
299
197
290
113
142
157
236
116
109
135
116
340
103
119
137
550
166
134
100
125
1063
475
170
203
119
181
401
126
123
105
104
101
417
161
143
330
156
148
111
157
138
235
202
112
476
116
100
109
158
166
100
275
114
203
102
122
187
128
138
105
274
167
228
230
191
152
146
155
126
127
113
102
148
142
157
140
111
149
117
117
168
101
219
109
102
118
932
111
122
452
253
369
189
160
349
190
401
197
112
212
110
140
252
112
103
147
131
102
110
111
160
124
142
114
103
406
288
366
225
111
139
259
255
106
101
185
128
133
180
105
150
181
146
167
104
174
150
140
114
125
108
103
157
239
143
137
199
316
644
894
129
112
103
113
230
200
103
212
111
109
138
140
122
268
154
118
101
109
143
151
134
151
185
114
370
186
153
157
218
117
201
105
138
109
120
125
117
106
176
270
213
183
124
155
174
168
103
223
143
100
380
136
189
118
138
125
101
146
154
200
125
114
101
108
320
123
116
185
329
113
191
186
102
293
121
1653
103
101
104
405
102
113
119
137
145
104
146
108
229
140
116
109
103
104
271
601
100
216
718
120
121
174
157
407
349
253
109
215
127
135
100
127
110
259
1253
112
4769
246
151
194
160
103
127
200
119
217
500
106
103
117
124
101
110
108
145
144
383
155
163
150
218
277
101
231
100
103
225
108
1077
208
113
110
120
108
114
126
125
126
154
304
123
105
103
114
130
110
224
107
115
189
103
134
132
108
220
123
266
105
170
101
100
104
120
125
250
119
111
238
114
138
100
373
128
125
122
556
137
164
135
231
114
343
113
979
103
266
102
106
304
114
153
124
205
268
287
108
257
165
150
146
162
274
143
183
169
101
113
167
225
156
100
178
109
140
290
156
163
100
137
103
145
101
120
108
212
127
128
227
127
507
101
267
115
121
200
104
173
102
112
1163
520
166
160
111
106
108
136
111
111
235
106
111
124
103
133
101
247
112
142
157
110
132
126
155
343
113
106
204
102
105
170
212
187
102
119
204
177
101
116
122
105
240
126
121
250
113
253
127
102
163
174
129
120
100
398
139
218
137
134
129
107
236
165
144
100
163
101
102
106
104
141
112
140
163
161
139
193
285
104
1133
218
141
283
126
110
103
147
801
121
155
520
388
194
114
198
125
110
206
154
110
323
101
227
239
209
113
119
126
173
133
164
236
103
191
135
160
110
103
125
384
106
182
156
136
2745
208
144
104
107
126
100
204
109
140
113
212
130
111
149
249
121
100
121
116
106
210
392
137
252
265
289
124
498
118
222
103
129
190
169
148
117
138
107
164
209
305
131
110
552
144
206
197
115
107
105
177
207
183
139
121
121
150
123
102
244
174
288
167
110
104
107
228
144
149
159
241
172
148
140
112
112
113
134
163
289
110
164
168
100
153
387
158
101
141
248
124
1875
108
136
101
106
155
537
111
135
119
150
511
1179
181
110
106
805
311
151
105
113
136
103
154
287
193
182
112
119
132
117
123
240
212
115
100
104
126
407
148
223
208
131
257
139
128
170
218
101
253
975
233
112
108
103
221
173
144
105
186
236
189
117
107
184
117
114
946
142
153
140
100
178
460
125
290
105
147
277
104
171
100
173
125
107
138
309
649
103
106
304
145
101
173
147
204
122
101
103
158
109
109
113
118
102
106
111
139
121
120
165
200
536
164
175
241
170
345
120
120
101
235
100
661
501
101
123
147
230
153
132
239
246
107
100
110
240
129
135
244
100
141
166
122
112
161
165
131
109
238
214
110
172
104
156
231
113
161
118
119
125
109
212
154
168
112
125
302
157
122
104
116
126
145
113
110
175
109
100
139
126
179
101
121
326
104
518
130
181
102
100
401
343
118
114
409
133
116
179
140
133
572
105
126
110
307
176
115
310
158
164
509
100
132
137
104
136
100
163
105
239
190
243
213
131
125
133
303
145
113
158
133
101
115
112
226
106
191
208
100
352
129
183
136
121
234
188
238
276
114
105
100
186
223
114
127
123
191
102
218
177
190
764
147
341
208
124
130
168
104
134
120
415
116
103
120
198
172
226
102
141
525
293
137
411
118
223
248
104
125
113
117
116
129
110
146
150
138
150
171
147
1922
651
179
151
139
120
473
100
333
153
124
111
833
138
399
171
143
164
116
244
110
122
114
133
134
129
103
105
355
118
134
116
113
117
122
201
